[1]:18.389999999999993
[2]:18.389999999999993
[1, 2]:7.3984465018174195
[3]:18.389999999999993
[1, 3]:7.3984465018174195
[4]:18.389999999999993
[2, 3]:16.27824898747824
[1, 4]:7.3984465018174195
[5]:18.389999999999993
[1, 2, 3]:7.183418796513962
[2, 4]:16.27824898747824
[1, 5]:7.3984465018174195
[6]:18.389999999999993
[1, 2, 4]:7.183418796513962
[3, 4]:18.266747660231747
[2, 5]:16.27824898747824
[1, 6]:7.3984465018174195
[7]:18.389999999999993
[1, 3, 4]:7.401288484688076
[1, 2, 5]:7.183418796513962
[3, 5]:18.266747660231747
[2, 6]:16.27824898747824
[1, 7]:7.3984465018174195
[8]:18.389999999999993
[2, 3, 4]:16.178608149413908
[1, 3, 5]:7.401288484688076
[4, 5]:17.51645777291448
[1, 2, 6]:7.183418796513962
[3, 6]:18.266747660231747
[2, 7]:16.27824898747824
[1, 8]:7.3984465018174195
[1, 2, 3, 4]:7.187093976380345
[2, 3, 5]:16.178608149413908
[1, 4, 5]:7.343535822004178
[1, 3, 6]:7.401288484688076
[4, 6]:17.51645777291448
[1, 2, 7]:7.183418796513962
[3, 7]:18.266747660231747
[2, 8]:16.27824898747824
[1, 2, 3, 5]:7.187093976380345
[2, 4, 5]:15.572553435018092
[2, 3, 6]:16.178608149413908
[1, 4, 6]:7.343535822004178
[5, 6]:18.271463382362928
[1, 3, 7]:7.401288484688076
[4, 7]:17.51645777291448
[1, 2, 8]:7.183418796513962
[3, 8]:18.266747660231747
[1, 2, 4, 5]:7.142846559792211
[3, 4, 5]:17.40317284578584
[1, 2, 3, 6]:7.187093976380345
[2, 4, 6]:15.572553435018092
[1, 5, 6]:7.384168196081455
[2, 3, 7]:16.178608149413908
[1, 4, 7]:7.343535822004178
[5, 7]:18.271463382362928
[1, 3, 8]:7.401288484688076
[4, 8]:17.51645777291448
[1, 3, 4, 5]:7.346618641888406
[1, 2, 4, 6]:7.142846559792211
[3, 4, 6]:17.40317284578584
[2, 5, 6]:16.178073526963587
[1, 2, 3, 7]:7.187093976380345
[2, 4, 7]:15.572553435018092
[1, 5, 7]:7.384168196081455
[6, 7]:10.68173859727427
[2, 3, 8]:16.178608149413908
[1, 4, 8]:7.343535822004178
[5, 8]:18.271463382362928
[2, 3, 4, 5]:15.480975467258562
[1, 3, 4, 6]:7.346618641888406
[1, 2, 5, 6]:7.17071057093051
[3, 5, 6]:18.149537972998903
[1, 2, 4, 7]:7.142846559792211
[3, 4, 7]:17.40317284578584
[2, 5, 7]:16.178073526963587
[1, 6, 7]:6.810884308079449
[1, 2, 3, 8]:7.187093976380345
[2, 4, 8]:15.572553435018092
[1, 5, 8]:7.384168196081455
[6, 8]:10.68173859727427
[1, 2, 3, 4, 5]:7.1466719857143115
[2, 3, 4, 6]:15.480975467258562
[1, 3, 5, 6]:7.387069493829741
[4, 5, 6]:17.406192618794744
[1, 3, 4, 7]:7.346618641888406
[1, 2, 5, 7]:7.17071057093051
[3, 5, 7]:18.149537972998903
[2, 6, 7]:9.825770729312204
[1, 2, 4, 8]:7.142846559792211
[3, 4, 8]:17.40317284578584
[2, 5, 8]:16.178073526963587
[1, 6, 8]:6.810884308079449
[7, 8]:17.94492533682666
[1, 2, 3, 5, 6]:7.174432915910002
[2, 4, 5, 6]:15.479203699493034
[1, 2, 3, 4, 7]:7.1466719857143115
[2, 3, 5, 7]:16.079537028887636
[1, 4, 5, 7]:7.329900821795074
[1, 3, 6, 7]:6.815135990339222
[4, 6, 7]:10.351957851920718
[2, 3, 4, 8]:15.480975467258562
[1, 3, 5, 8]:7.387069493829741
[4, 5, 8]:17.406192618794744
[1, 2, 6, 8]:6.682332465875562
[3, 6, 8]:10.642072205567539
[2, 7, 8]:15.896569682336434
[1, 2, 3, 4, 6]:7.1466719857143115
[2, 3, 5, 6]:16.079537028887636
[1, 4, 5, 6]:7.329900821795074
[2, 3, 4, 7]:15.480975467258562
[1, 3, 5, 7]:7.387069493829741
[4, 5, 7]:17.406192618794744
[1, 2, 6, 7]:6.682332465875562
[3, 6, 7]:10.642072205567539
[1, 3, 4, 8]:7.346618641888406
[1, 2, 5, 8]:7.17071057093051
[3, 5, 8]:18.149537972998903
[2, 6, 8]:9.825770729312204
[1, 7, 8]:7.301975201075083
[1, 3, 4, 5, 6]:7.33303817560275
[1, 2, 4, 5, 7]:7.130668805353391
[3, 4, 5, 7]:17.294136327059633
[1, 2, 3, 6, 7]:6.686826552980485
[2, 4, 6, 7]:9.564758455631521
[1, 5, 6, 7]:6.801587707352236
[1, 2, 3, 5, 8]:7.174432915910002
[2, 4, 5, 8]:15.479203699493034
[2, 3, 6, 8]:9.794969714128777
[1, 4, 6, 8]:6.786204536371532
[5, 6, 8]:10.63100076086178
[1, 3, 7, 8]:7.304904751517844
[4, 7, 8]:17.095105073186954
[1, 2, 4, 5, 6]:7.130668805353391
[3, 4, 5, 6]:17.294136327059633
[1, 2, 3, 5, 7]:7.174432915910002
[2, 4, 5, 7]:15.479203699493034
[2, 3, 6, 7]:9.794969714128777
[1, 4, 6, 7]:6.786204536371532
[5, 6, 7]:10.63100076086178
[1, 2, 3, 4, 8]:7.1466719857143115
[2, 3, 5, 8]:16.079537028887636
[1, 4, 5, 8]:7.329900821795074
[1, 3, 6, 8]:6.815135990339222
[4, 6, 8]:10.351957851920718
[1, 2, 7, 8]:7.094642602005641
[3, 7, 8]:17.825034258152666
[1, 2, 3, 4, 5, 6]:7.134537591746532
[2, 3, 4, 5, 7]:15.388649154134102
[1, 3, 4, 6, 7]:6.790486862258285
[1, 2, 5, 6, 7]:6.673878263919134
[3, 5, 6, 7]:10.591852254702644
[1, 3, 4, 5, 8]:7.33303817560275
[1, 2, 4, 6, 8]:6.665354946649908
[3, 4, 6, 8]:10.31590930068886
[2, 5, 6, 8]:9.78253407822684
[1, 2, 3, 7, 8]:7.098374028576852
[2, 4, 7, 8]:15.210267533712967
[1, 5, 7, 8]:7.28799667164189
[6, 7, 8]:10.464637225964049
[2, 3, 4, 5, 6]:15.388649154134102
[1, 3, 4, 5, 7]:7.33303817560275
[1, 2, 4, 6, 7]:6.665354946649908
[3, 4, 6, 7]:10.31590930068886
[2, 5, 6, 7]:9.78253407822684
[1, 2, 4, 5, 8]:7.130668805353391
[3, 4, 5, 8]:17.294136327059633
[1, 2, 3, 6, 8]:6.686826552980485
[2, 4, 6, 8]:9.564758455631521
[1, 5, 6, 8]:6.801587707352236
[2, 3, 7, 8]:15.799679505877105
[1, 4, 7, 8]:7.24897222162607
[5, 7, 8]:17.829352290146335
[1, 2, 3, 4, 6, 7]:6.6698432257005935
[2, 3, 5, 6, 7]:9.752162720746961
[1, 4, 5, 6, 7]:6.777241006094454
[1, 2, 3, 4, 5, 8]:7.134537591746532
[2, 3, 4, 6, 8]:9.536834322796517
[1, 3, 5, 6, 8]:6.8058621679724425
[4, 5, 6, 8]:10.304569429416619
[1, 3, 4, 7, 8]:7.252133194159322
[1, 2, 5, 7, 8]:7.082192502144981
[3, 5, 7, 8]:17.71075749154949
[2, 6, 7, 8]:9.63614242419392
[1, 2, 3, 4, 5, 7]:7.134537591746532
[2, 3, 4, 6, 7]:9.536834322796517
[1, 3, 5, 6, 7]:6.8058621679724425
[4, 5, 6, 7]:10.304569429416619
[2, 3, 4, 5, 8]:15.388649154134102
[1, 3, 4, 6, 8]:6.790486862258285
[1, 2, 5, 6, 8]:6.673878263919134
[3, 5, 6, 8]:10.591852254702644
[1, 2, 4, 7, 8]:7.055600805700459
[3, 4, 7, 8]:16.984940255742213
[2, 5, 7, 8]:15.798880364901294
[1, 6, 7, 8]:6.738256836109192
[1, 2, 4, 5, 6, 7]:6.657176969186108
[3, 4, 5, 6, 7]:10.269000289026124
[1, 2, 3, 5, 6, 8]:6.678389763559001
[2, 4, 5, 6, 8]:9.524278095252878
[1, 2, 3, 4, 7, 8]:7.0594754522546195
[2, 3, 5, 7, 8]:15.703069147299209
[1, 4, 5, 7, 8]:7.235622437419685
[1, 3, 6, 7, 8]:6.742512315181097
[4, 6, 7, 8]:10.144305577505053
[1, 2, 3, 5, 6, 7]:6.678389763559001
[2, 4, 5, 6, 7]:9.524278095252878
[1, 2, 3, 4, 6, 8]:6.6698432257005935
[2, 3, 5, 6, 8]:9.752162720746961
[1, 4, 5, 6, 8]:6.777241006094454
[2, 3, 4, 7, 8]:15.121244435135262
[1, 3, 5, 7, 8]:7.290983992820522
[4, 5, 7, 8]:16.987606665184575
[1, 2, 6, 7, 8]:6.614315936783718
[3, 6, 7, 8]:10.426189469498153
[2, 3, 4, 5, 6, 7]:9.496752085520097
[1, 3, 4, 5, 6, 8]:6.781544133776611
[1, 2, 4, 5, 7, 8]:7.043669241330901
[3, 4, 5, 7, 8]:16.87864202108263
[1, 2, 3, 6, 7, 8]:6.6188014035506155
[2, 4, 6, 7, 8]:9.382793713329882
[1, 5, 6, 7, 8]:6.729125546675628
[1, 3, 4, 5, 6, 7]:6.781544133776611
[1, 2, 4, 5, 6, 8]:6.657176969186108
[3, 4, 5, 6, 8]:10.269000289026124
[1, 2, 3, 5, 7, 8]:7.085969850691324
[2, 4, 5, 7, 8]:15.11924185540049
[2, 3, 6, 7, 8]:9.606323696798677
[1, 4, 6, 7, 8]:6.714509869491344
[5, 6, 7, 8]:10.415137503664946
[1, 2, 3, 4, 5, 6, 8]:6.661681113155258
[2, 3, 4, 5, 7, 8]:15.0312185931462
[1, 3, 4, 6, 7, 8]:6.718792982091351
[1, 2, 5, 6, 7, 8]:6.606005801819221
[3, 5, 6, 7, 8]:10.377195795894725
[1, 2, 3, 4, 5, 6, 7]:6.661681113155258
[2, 3, 4, 5, 6, 8]:9.496752085520097
[1, 3, 4, 5, 7, 8]:7.238836508795013
[1, 2, 4, 6, 7, 8]:6.598077960223728
[3, 4, 6, 7, 8]:10.109386222639376
[2, 5, 6, 7, 8]:9.593947331989849
[1, 2, 3, 4, 6, 7, 8]:6.602555583328407
[2, 3, 5, 6, 7, 8]:9.564548498943026
[1, 4, 5, 6, 7, 8]:6.70570477453927
[1, 2, 3, 4, 5, 7, 8]:7.0475860922271645
[2, 3, 4, 6, 7, 8]:9.35578005679395
[1, 3, 5, 6, 7, 8]:6.733403195705574
[4, 5, 6, 7, 8]:10.098076698396952
[1, 3, 4, 5, 6, 7, 8]:6.710008123755244
[2, 3, 4, 5, 6, 7, 8]:9.316665821825753
[1, 2, 3, 5, 6, 7, 8]:6.610508201385959
[2, 4, 5, 6, 7, 8]:9.343290431701979
[1, 2, 4, 5, 6, 7, 8]:6.590038415525707
[3, 4, 5, 6, 7, 8]:10.063625759114915
[1, 2, 3, 4, 5, 6, 7, 8]:6.594531457767668
