8.0 25.882694255507083
3.0 0.7283895229225774
2.0 2.432677350394362
9.0 28.165387899349195
8.0 28.569880885419266
0.0 11.869171011385713
1.0 3.618952270403602
9.0 36.82491535627658
8.0 21.3143652824981
5.0 6.769599940681162
3.0 0.48991596924553915
1.0 0.12976347347271183
7.0 9.049361122726761
2.0 1.3322569210422768
2.0 1.4416499979266033
1.0 4.370884700879909
4.0 1.8595944817105994
5.0 4.591419675886931
5.0 4.137317389201476
2.0 0.027142605090696728
4.0 0.951851309809717
4.0 0.4904273730923004
5.0 4.544600589944966
1.0 11.24747168998629
4.0 1.0656967362391334
3.0 0.12260265495478408
3.0 0.5999035124661024
1.0 3.866392670591672
0.0 9.680929779107219
0.0 14.536851582860873
1.0 4.745970358830609
0.0 5.574558394873281
0.0 10.664880654926778
0.0 0.8834585707631194
0.0 1.4443838442563517
9.0 35.58747629374893
5.0 2.3134936667718926
4.0 3.7402282467061014
4.0 3.356941107153325
0.0 7.883065583456723
4.0 2.6127320770168274
4.0 2.7770594726272972
4.0 1.1372155089536296
0.0 11.26655376284428
5.0 1.7606549175897954
4.0 4.075619597303872
4.0 5.303178015439605
7.0 14.054572781842968
5.0 3.5408752259346685
4.0 1.1146883282049824
1.0 1.661582902172037
7.0 17.74546252714533
1.0 20.684602201418436
5.0 2.7603067346871373
7.0 9.49564691869173
1.0 7.054633238926025
3.0 6.701994243197199E-4
3.0 0.3601272535444337
0.0 10.601868147545083
3.0 0.013735605677434242
3.0 0.086933826211755
3.0 0.03708599674548523
3.0 0.05853882225341736
6.0 9.955815523785493
1.0 8.466608008794001
1.0 3.1096264541022203
2.0 0.01216284334697881
2.0 2.5237018064344166
3.0 1.1887654393640392
2.0 0.17669601814765418
1.0 2.953208163178324
2.0 1.7363980099269707
2.0 0.4177792474996972
4.0 0.9069561807626682
2.0 1.4858918402621952
2.0 0.38529150759694064
1.0 7.257775081578618
2.0 7.610148215539711
2.0 0.013589627939977991
1.0 11.471073991213089
4.0 0.1432179975585958
4.0 1.617242938149315
2.0 2.631039891056078
2.0 0.922791528897397
3.0 0.02459070565354117
2.0 0.004418551635123376
2.0 0.051154268391028934
2.0 1.7579126668468565
4.0 1.247264411063222
1.0 3.4271533250131125
2.0 2.7362131470658735
1.0 5.314317541066974
2.0 0.999083580549201
2.0 1.6147986038418414
1.0 9.500806480921153
0.0 8.522421456088711
3.0 0.5550790435345395
0.0 13.421365599259762
1.0 1.0084991820669058
5.0 9.708588514337661
2.0 0.058265260709158564
6.0 9.419006341808943
7.0 17.723460700408694
10.0 63.13527595718428
5.0 1.3948359730815083
1.0 8.377121776737418
4.0 3.306486927228859
3.0 0.26698426918767143
8.0 25.28780350165182
5.0 5.966023338187612
0.0 9.571431710890304
1.0 3.1469313259368046
4.0 0.38335517011449627
0.0 6.709085476186222
6.0 11.856099462910732
3.0 0.5044299713613505
1.0 2.043456666910032
3.0 0.014072819224643858
3.0 0.04697413470781865
1.0 2.491392071737517
1.0 4.76293539553451
6.0 15.618171994681928
5.0 7.10783935157883
0.0 5.941188302114049
8.0 22.886995535702745
0.0 8.33696529691151
0.0 12.972340521425641
2.0 1.830227077792488
1.0 4.5119775169285505
5.0 5.231290102591237
1.0 4.273443498627731
5.0 5.329680478182481
4.0 1.4321458944082321
1.0 2.3359105425674183
6.0 8.343534023604091
6.0 7.581570991126135
2.0 1.413080446737859
2.0 0.4531364339282638
3.0 0.1673991457844378
2.0 3.202569849289243
1.0 5.107672106819504
1.0 7.026776737504989
2.0 0.47747064667134353
1.0 8.170833549044806
1.0 6.139285223603767
3.0 0.4819161488512519
2.0 0.04056390458455935
4.0 0.05420884854775486
3.0 0.20770055027069984
2.0 2.129719649579492
8.0 28.638551954754995
3.0 0.3743616005501453
3.0 0.003113474533381469
4.0 2.178816033141681
7.0 12.151622559366858
5.0 4.126708523547608
2.0 1.9329183204832387
5.0 8.68707582696976
7.0 14.137527420893084
5.0 2.7673687958746163
5.0 0.7360162209555104
8.0 24.11103205413122
4.0 3.9010130606623865
3.0 0.21021056177579064
5.0 6.979170337793709
4.0 3.3638148493326407
7.0 23.104207279915162
8.0 12.60242624631172
5.0 1.4796881566677846
7.0 19.053845890761057
5.0 4.144228167457293E-4
5.0 3.392563635351208
8.0 20.88675465423576
8.0 14.216235974622213
9.0 41.16789051023635
2.0 0.1762464410143258
3.0 0.46917365205257794
2.0 0.10246452041242754
4.0 0.22153873922307837
6.0 13.985583562720771
3.0 0.06563507630799732
4.0 1.1434687128438767
5.0 5.080647162379119
7.0 15.988713498230965
4.0 0.03408555997009837
2.0 0.932356246019892
5.0 10.408959342393672
7.0 16.721727014264452
6.0 7.926863779044308
2.0 0.4439494595132415
4.0 0.03222355056689851
7.0 13.319691389163237
5.0 5.546905353397545
7.0 23.989465943040397
6.0 6.148205832002515
5.0 0.5965932704840575
5.0 6.424730800831505
7.0 17.80845683796307
9.0 38.110158250889555
5.0 5.523178274965694
